-1.26   21.27   1
7.96    -20.77  2
6.99    -9.96   2
-15.91  3.33    3
23.31   4.27    4
-14.09  7.91    3
21.36   5.29    4
-2.95   -21.07  2
-5.26   1.18    3
-5.48   8.08    3
11.22   16.92   1
3.01    -11.99  2
-2.41   -4.85   2
-23.26  -1.91   3
24.46   2.66    4
-1.40   -15.86  2
17.17   -2.39   4
5.62    -12.93  2
-2.85   -14.29  2
-13.77  8.85    3
6.44    19.48   1
0.03    -10.34  2
-8.09   -8.81   2
-19.19  -4.52   3
17.54   4.63    4
6.11    -5.46   2
21.33   8.11    4
4.78    -5.18   2
0.44    -7.38   2
-14.53  9.43    3
0.24    26.59   1
-13.63  7.37    3
-5.02   -3.60   2
-6.03   -11.22  2
18.01   3.47    4
-3.19   -9.59   2
6.13    15.90   1
-13.37  9.99    3
-0.02   -11.68  2
-20.74  12.82   3
-4.39   -10.77  2
25.05   0.77    4
2.82    -9.29   2
5.66    -10.37  2
-3.56   -18.92  2
-20.85  3.08    3
3.01    -11.39  2
1.64    -10.74  2
5.02    20.77   1
3.94    20.88   1
0.98    -6.80   2
6.27    -7.26   2
6.90    -13.32  2
1.67    -9.99   2
10.71   -9.21   2
10.32   13.99   1
3.25    -9.59   2
6.66    -11.72  2
22.43   10.56   4
-19.41  -8.14   3
-23.57  3.62    3
4.77    -11.74  2
-23.89  0.59    3
-21.56  -8.82   3
28.18   7.43    4
21.39   11.18   4
21.36   8.29    4
14.77   17.14   1
19.45   -4.41   4
-7.71   -19.19  2
7.91    -10.86  2
-6.15   -5.71   2
6.31    20.10   1
-18.42  11.80   3
-1.28   0.97    2
2.99    -9.24   2
2.75    -11.29  2
6.56    -13.93  2
-3.43   22.84   1
-1.26   23.80   1
0.19    -15.57  2
1.34    -19.62  2
21.70   7.18    4
-20.24  -5.36   3
-3.73   -2.33   2
7.50    -20.86  2
6.52    -3.71   2
18.20   -13.21  4
22.07   2.24    4
-24.10  -1.81   3
3.14    -14.10  2
-20.61  -14.86  3
-20.18  12.00   3
12.56   -20.24  2
-0.16   -17.46  2
20.14   -4.68   4
3.12    -10.38  2
22.57   0.69    4
-24.69  -5.22   3
19.92   -19.20  4
22.77   4.99    4
8.56    23.52   1
-0.01   -3.91   2
-14.34  -23.07  2
24.50   1.27    4
-16.44  11.55   3
18.07   -1.41   4
-0.79   -9.23   2
3.68    -11.34  2
0.86    -7.07   2
16.83   -1.39   4
18.75   2.69    4
2.37    -17.66  2
-2.00   -10.53  2
3.61    -11.31  2
2.84    -7.49   2
-4.98   -4.54   2
-3.19   -16.20  2
0.29    -15.95  2
-11.93  11.52   3
-3.32   -3.67   2
16.71   -12.12  4
0.05    -18.77  2
-3.65   -14.98  2
24.51   1.22    4
-16.19  -0.52   3
7.65    21.09   1
1.77    -10.77  2
-15.35  13.88   3
4.32    -15.59  2
2.02    24.14   1
-3.91   3.83    3
-8.44   -7.62   2
-19.63  -12.00  3
18.42   -14.95  4
-0.99   -13.18  2
14.56   17.15   1
1.07    -17.98  2
1.21    -5.26   2
-18.30  14.03   3
3.56    21.53   1
2.80    -7.27   2
-10.03  -11.59  2
-26.95  0.82    3
22.42   -10.87  4
-4.35   -17.56  2
18.01   10.40   4
4.87    -20.40  2
4.21    -0.22   2
-18.43  11.88   3
8.08    22.28   1
-2.23   -2.52   2
-12.03  -14.19  2
-16.93  -8.00   3
19.64   -12.42  4
6.28    -2.24   2
20.02   6.83    4
3.86    -19.63  2
7.17    -12.27  2
-16.20  11.62   3
6.02    20.84   1
-12.96  8.28    3
1.56    -15.38  2
5.05    -10.99  2
18.20   15.43   1
2.42    -10.29  2
4.29    22.58   1
-14.51  12.32   3
3.65    -6.80   2
-16.94  12.66   3
4.05    -12.54  2
25.34   -12.59  4
-2.31   -3.41   2
0.13    -20.01  2
-2.23   -19.54  2
-21.54  -8.63   3
-2.48   -9.62   2
-1.92   3.65    3
2.81    24.27   1
10.78   16.17   1
-9.58   -9.77   2
-9.73   -12.54  2
0.77    -22.19  2
-5.09   -0.97   3
0.24    -4.68   2
10.66   21.46   1
2.07    -7.39   2
-3.24   -8.90   2
15.70   13.27   1
-26.07  3.51    3
-19.14  -2.19   3
8.92    -21.08  2
-21.88  2.28    3
-23.03  -2.41   3
20.38   -10.45  4
23.70   5.47    4
18.44   13.38   4
18.90   16.66   1
21.10   -12.78  4
-10.30  10.45   3
7.21    -9.87   2
-0.14   -12.38  2
5.71    24.43   1
-14.94  5.34    3
2.90    -4.03   2
-8.98   -12.28  2
-0.08   -14.78  2
-5.40   -12.56  2
14.80   16.28   1
11.31   20.64   1
1.44    -5.46   2
1.13    -23.62  2
17.33   15.88   1
-20.45  -6.70   3
-5.26   -9.30   2
1.08    -10.68  2
5.72    -19.76  2
-18.30  -9.53   3
-1.63   -0.24   2
-19.84  -8.78   3
-14.05  5.21    3
7.58    -10.89  2
-1.65   -21.76  2
19.47   2.26    4
1.79    2.97    2
26.25   -11.81  4
-17.85  -9.14   3
3.92    -11.01  2
24.85   -13.10  4
0.14    25.08   1
-0.30   -11.02  2
-13.52  -9.03   3
17.48   13.75   4
-13.94  9.54    3
9.93    21.58   1
9.53    -9.76   2
-0.20   -20.88  2
7.70    -8.71   2
20.80   -12.87  4
22.26   -15.99  4
5.52    -20.47  2
1.49    1.40    2
5.42    -15.77  2
-1.32   -0.53   2
-4.27   -12.12  2
4.46    -11.03  2
3.17    -12.79  2
17.55   -8.22   4
1.36    -7.55   2
-0.37   -8.03   2
22.70   -13.28  4
-8.97   12.69   3
7.96    23.21   1
-1.76   -2.88   2
-4.06   8.40    3
5.27    -5.36   2
5.65    18.79   1
10.85   -21.26  2
-10.63  -4.29   3
-19.47  3.34    3
20.92   -1.59   4
-11.58  11.23   3
14.57   15.62   1
-5.70   -22.35  2
-6.67   1.70    3
-7.94   -8.73   2
3.15    20.83   1
8.77    -18.58  2
-10.76  -6.62   3
-15.67  -1.23   3
26.45   -3.94   4
-6.21   -17.51  2
18.38   15.16   1
1.07    -17.77  2
1.75    -9.22   2
-4.31   -17.07  2
0.65    20.82   1
13.43   -18.02  2
-13.27  -5.22   3
-22.50  0.82    3
23.40   -1.02   4
-8.89   1.57    3
14.97   15.32   1
7.50    -14.39  2
7.06    -7.67   2
-23.42  8.73    3
5.82    18.50   1
-17.35  10.65   3
-7.50   5.15    3
-7.04   12.80   3
17.76   10.05   4
-8.55   14.44   3
-3.16   18.97   1
-15.14  6.69    3
-2.65   -1.77   2
-16.04  13.87   3
-1.09   -1.75   2
27.57   4.13    4
14.17   -18.81  2
-4.23   -17.73  2
1.35    -13.72  2
-20.54  0.04    3
-7.08   1.42    3
9.72    -16.84  2
3.66    20.54   1
-0.62   24.85   1
-12.37  -1.53   3
-10.07  -5.36   3
-5.25   -19.55  2
-8.13   4.39    3
-13.28  -8.86   3
1.11    21.34   1
5.59    -11.56  2
-12.36  -3.60   3
5.50    13.62   1
-16.32  -3.37   3
-20.75  -1.93   3
1.89    -16.65  2
-25.42  0.55    3
-20.43  -1.71   3
28.89   2.74    4
14.12   16.93   1
14.67   14.97   1
19.18   11.19   4
25.97   2.57    4
-3.23   -11.35  2
11.39   -20.41  2
5.33    1.09    2
1.98    20.73   1
-6.92   -13.63  2
-5.50   2.77    3
-15.54  -7.83   3
-4.80   4.52    3
-15.04  -3.74   3
3.44    24.58   1
0.52    18.00   1
8.28    -25.34  2
2.64    -14.25  2
20.56   5.27    4
-20.47  -0.58   3
-16.02  -6.29   3
6.88    -20.62  2
0.96    -14.20  2
26.41   -4.16   4
13.96   16.81   1
-25.22  -2.73   3
10.93   -23.10  2
-15.98  -2.73   3
-7.23   -6.07   2
10.13   -20.74  2
-1.98   -17.41  2
17.35   11.24   4
1.94    -4.45   2
30.40   7.81    4
-10.43  1.05    3
3.47    -25.26  2
20.69   -6.39   4
1.19    20.31   1
-10.21  11.64   3
-22.37  3.87    3
17.11   17.60   1
-7.89   -13.31  2
14.96   15.66   1
15.21   -12.60  4
4.37    -17.02  2
-7.86   -1.30   3
29.47   9.38    4
28.10   -0.71   4
0.15    -16.00  2
-13.71  -5.06   3
-7.03   1.15    3
-11.44  -6.76   3
-12.94  -11.10  2
-13.46  11.42   3
5.18    -11.91  2
0.81    -0.98   2
-2.19   -13.94  2
28.85   1.68    4
-6.87   8.28    3
-4.93   1.73    3
26.84   -1.23   4
2.29    7.59    1
2.48    24.06   1
3.42    -11.96  2
-0.10   -8.26   2
-23.69  -1.83   3
-5.28   25.00   1
-6.06   2.43    3
-7.64   -11.21  2
-21.29  1.75    3
17.78   -3.77   4
-10.19  -2.93   3
20.82   10.95   4
2.55    -8.56   2
0.14    -1.07   2
-19.39  9.70    3
-0.79   24.95   1
2.51    -10.46  2
-7.15   -1.89   3
-17.38  8.31    3
21.99   -9.72   4
-1.52   -8.06   2
14.06   8.07    4
3.38    -5.47   2
-3.76   -8.22   2
-13.67  11.03   3
4.54    24.04   1
4.50    -8.46   2
-6.07   -5.92   2
-9.30   13.63   3
22.10   -8.12   4
-0.43   -5.94   2
16.16   10.17   4
6.25    -4.70   2
5.09    6.87    1
-14.63  11.36   3
7.51    16.99   1
-10.66  10.80   3
-15.22  1.13    3
-3.45   0.50    3
10.03   11.12   1
-12.27  5.25    3
-2.66   22.56   1
-13.24  10.23   3
-4.83   1.53    3
-20.69  11.77   3
-5.49   -1.86   3
19.18   -6.37   4
-1.31   -3.42   2
7.20    -1.92   2
-4.35   -16.60  2
-20.67  6.62    3
-1.57   -4.43   2
1.51    -7.79   2
2.81    26.52   1
5.37    21.46   1
-10.40  -6.22   3
-11.65  -8.53   2
2.53    -7.11   2
-7.02   2.62    3
-12.46  -5.14   3
-5.40   26.16   1
-0.25   -3.36   2
-11.76  -1.97   3
11.16   7.33    4
-14.19  4.55    3
-11.39  9.72    3
6.18    -0.64   2
-13.91  9.68    3
-12.83  9.18    3
22.58   -4.81   4
19.40   12.78   4
16.82   8.04    4
17.60   11.91   4
20.22   -6.14   4
-21.10  10.88   3
-0.47   -8.07   2
-5.33   6.14    3
2.17    18.85   1
-11.95  7.04    3
-5.79   0.20    3
-5.58   -9.90   2
-6.84   -3.52   3
-9.01   -8.39   2
-0.90   23.85   1
0.09    27.08   1
6.42    -12.74  2
8.84    0.69    4
21.07   9.40    4
-13.56  8.27    3
-6.03   -2.88   3
12.66   -12.08  2
-5.28   -14.13  2
17.35   1.06    4
13.59   10.93   1
-12.82  8.03    3
-0.34   -10.61  2
-15.96  3.85    3
-11.81  8.90    3
1.41    -11.22  2
-1.55   -2.29   2
12.78   13.26   1
-2.30   9.16    1
21.29   -4.47   4
-15.18  3.44    3
1.32    -5.85   2
20.79   -7.14   4
2.86    22.43   1
-7.05   -3.15   3
-12.04  6.38    3
20.86   11.23   4
-6.60   10.80   3
21.14   -3.91   4
2.27    -3.64   2
4.83    -6.23   2
-5.03   -2.07   3
14.94   -3.37   4
21.58   -4.09   4
2.87    -2.32   2
-6.51   -4.13   2
-1.48   8.15    1
-11.14  -6.83   3
3.07    -9.82   2
0.50    -9.89   2
-1.39   -11.22  2
-11.08  13.29   3
8.45    -1.39   4
20.32   -1.85   4
-2.53   -4.04   2
0.60    -9.41   2
19.01   -9.50   4
-12.84  9.46    3
0.61    22.33   1
-5.93   8.75    3
-14.73  12.65   3
-7.94   -2.25   3
-3.52   24.01   1
-0.88   -5.65   2
-3.12   -3.82   2
-13.99  13.46   3
19.37   -6.43   4
-1.96   6.28    3
14.00   12.26   1
-5.83   -18.47  2
3.55    -7.98   2
-7.95   9.95    3
0.13    21.95   1
-0.22   -4.00   2
-5.14   -7.46   2
-19.23  6.43    3
11.84   -7.64   4
-10.00  14.46   3
12.62   14.61   1
-7.22   -22.23  2
3.84    -2.86   2
-8.67   14.06   3
-6.47   18.30   1
1.62    -6.45   2
-8.19   -3.00   3
-12.07  2.28    3
22.32   -1.33   4
-13.65  10.91   3
13.10   17.26   1
-2.46   -16.00  2
-3.83   -2.18   2
-13.67  9.33    3
0.21    22.18   1
-6.09   -4.82   2
-11.89  2.32    3
-11.30  14.41   3
14.08   11.73   1
-11.53  11.77   3
-6.24   23.16   1
-19.45  12.57   3
6.02    -1.62   2
-8.38   6.20    3
0.33    -5.75   2
19.17   -2.81   4
7.42    -3.64   2
3.77    -16.61  2
-4.31   -20.19  2
-17.91  5.68    3
-13.31  12.16   3
11.96   -2.82   4
-2.51   24.69   1
-4.97   29.19   1
-10.33  -8.23   2
-4.99   -5.28   2
-5.74   -16.64  2
3.22    0.23    2
-12.71  -5.46   3
3.65    21.21   1
9.68    -2.93   4
-6.29   -5.75   2
12.96   8.22    4
-15.10  7.96    3
-19.61  10.28   3
-1.39   -19.31  2
-10.96  7.78    3
-11.77  6.72    3
24.74   -2.54   4
12.77   15.17   1
18.36   12.40   4
12.48   16.08   1
14.67   -9.16   4
-14.00  13.98   3
12.10   -1.10   4
-8.41   7.44    3
1.72    18.90   1
-19.14  10.21   3
-7.97   13.55   3
-10.53  -4.20   3
1.05    -1.18   2
-12.95  -2.86   3
-8.63   18.05   1
-1.73   20.17   1
8.26    -5.30   2
-5.48   -20.93  2
14.41   12.42   1
-14.22  5.80    3
-3.24   -0.15   3
4.97    -4.73   2
-2.09   -20.90  2
16.85   -6.48   4
17.71   6.11    4
-9.38   1.22    3
8.95    -1.76   4
-8.25   4.52    3
-10.22  14.70   3
0.43    -9.30   2
2.68    -19.36  2
16.35   14.41   1
2.34    -6.22   2
18.55   -2.04   4
-19.46  4.32    3
7.91    -11.54  2
19.83   -3.56   4
-8.72   19.22   1
-11.48  17.15   3
-16.96  6.48    3
17.49   12.61   4
-9.19   11.31   3
14.50   13.93   1
-0.20   -6.26   2
-4.63   -20.41  2
-10.62  6.57    3
15.66   0.24    4
24.39   -0.83   4
-2.96   -17.47  2
-7.64   -8.76   2
6.52    -2.38   2
-18.97  -9.24   3
-7.41   -5.11   2
-1.82   2.55    3
-6.38   -22.22  2
-20.82  12.35   3
-12.22  13.23   3
12.41   -6.25   4
2.10    -1.55   2
3.65    -10.38  2
15.06   -4.33   4
-18.44  16.36   3
-2.94   24.66   1
2.43    -6.71   2
-13.79  11.45   3
5.72    -6.56   2
3.12    23.42   1
10.30   -26.09  2
-11.27  -5.61   3
-15.87  -1.45   3
23.26   -10.44  4
4.45    1.62    2
16.79   12.71   4
-1.58   -17.67  2
-5.90   1.22    3
2.37    2.54    2
-0.91   11.52   1
13.70   -16.00  2
-10.57  -2.93   3
-18.63  7.78    3
27.16   -9.28   4
2.48    0.26    2
19.30   13.88   4
2.13    -18.91  2
-1.26   3.81    3
7.59    1.64    4
7.55    21.13   1
18.14   -11.14  4
-14.47  -2.79   3
-14.60  -3.25   3
17.06   -3.71   4
0.78    -2.68   2
17.32   13.77   1
4.02    -12.87  2
-3.24   3.49    3
1.74    7.27    1
4.94    19.35   1
10.32   3.06    4
18.23   3.16    4
6.30    -13.63  2
20.27   18.19   1
8.41    -8.10   2
-0.06   25.01   1
0.99    -4.46   2
-3.63   -2.53   2
8.48    1.29    4
-3.68   0.10    3
18.36   -10.62  4
10.25   -22.21  2
14.61   -7.23   4
7.98    -8.37   2
-11.73  6.72    3
4.42    -9.68   2
10.37   -19.54  2
7.69    22.41   1
-0.04   13.20   1
-15.09  -5.90   3
-10.97  -8.20   2
4.13    -16.21  2
-0.53   -6.23   2
-10.10  -8.45   2
14.57   9.41    4
0.57    -24.21  2
-9.73   -3.09   3
11.86   18.12   1
-24.38  6.56    3
-21.92  -0.10   3
0.56    -17.04  2
-24.34  6.38    3
-23.38  -4.10   3
15.73   -5.91   4
15.43   14.77   1
17.54   8.71    4
15.20   15.79   1
22.36   -6.70   4
5.30    -0.30   2
15.15   -14.17  2
9.72    6.00    4
8.41    20.05   1
5.22    -3.09   2
11.51   1.84    4
-13.59  -9.86   2
-3.39   1.78    3
-6.13   -5.60   2
5.75    17.81   1
3.88    23.17   1
0.66    -26.31  2
3.78    -13.54  2
17.95   15.65   1
-20.92  2.18    3
-9.76   1.37    3
8.04    -14.94  2
9.78    -9.91   2
25.19   -6.75   4
19.94   8.79    4
-21.28  4.76    3
9.89    -16.90  2
-5.16   -3.67   2
1.04    2.56    2
13.84   -18.48  2
7.72    -14.60  2
15.20   16.86   1
0.35    -8.66   2
19.53   -5.60   4
-9.66   -0.17   3
14.80   -17.53  2
7.76    -11.81  2
4.22    22.60   1
-3.65   6.84    3
-16.82  -8.99   3
23.09   10.53   4
9.84    -2.77   4
18.23   8.14    4
10.74   -22.24  2
5.71    -12.49  2
0.98    -11.11  2
14.95   -0.67   4
16.00   -9.87   4
12.70   -8.23   4
-13.84  -9.82   3
10.13   -9.45   2
-13.32  -7.43   3
-12.40  -8.59   3
7.86    -8.36   2
-2.39   -19.88  2
9.21    -0.35   4
3.85    -0.18   2
23.41   2.57    4
-2.68   4.84    3
7.23    -4.73   2
13.81   -11.33  4
1.62    3.61    1
3.37    17.29   1
-1.00   4.70    3
8.34    -11.09  2
3.55    -3.61   2
-3.26   19.71   1
2.51    -26.79  2
-11.55  -8.67   2
-5.39   2.00    3
28.22   3.12    4
-3.82   -19.82  2
9.08    21.02   1
-2.34   -16.21  2
4.30    0.97    2
-19.50  13.92   3
-4.09   26.52   1
-2.51   -20.44  2
-13.54  -9.74   2
-21.08  -1.63   3
29.81   -4.17   4
-1.47   -8.18   2
8.06    19.79   1
-2.89   -21.30  2
8.31    -3.83   2
-8.89   14.90   3
4.27    18.07   1
4.19    -26.28  2
-9.86   -4.88   3
-22.17  1.73    3
25.74   2.47    4
-1.35   -10.51  2
14.57   11.39   1
-6.83   -22.78  2
10.32   -8.00   2
-11.34  13.61   3
3.93    25.28   1
-16.51  15.52   3
-7.81   -21.75  2
8.23    -12.30  2
11.17   18.49   1
-4.47   -21.52  2
3.57    23.55   1
-11.05  9.12    3
-5.76   1.44    3
-17.70  14.58   3
-5.56   3.31    3
28.95   3.14    4
12.40   -9.47   2
-8.15   -18.07  2
-3.14   -17.06  2
-20.49  0.23    3
-1.30   -16.42  2
7.54    -18.94  2
1.80    17.80   1
5.36    17.28   1
-12.58  -11.88  2
-0.17   5.95    1
2.80    -16.46  2
0.98    5.02    1
-9.38   -6.72   2
3.66    21.72   1
-0.03   -3.03   2
-7.42   -8.84   2
20.48   6.27    4
-13.84  -6.59   3
-12.34  -5.80   3
-7.40   -20.61  2
-18.69  -1.55   3
-16.32  -7.04   3
26.98   -0.91   4
19.68   12.76   4
13.87   15.07   1
11.25   17.27   1
28.86   -0.72   4
-16.60  16.67   3
0.84    -21.51  2
-2.99   -13.49  2
6.74    22.41   1
-12.51  11.08   3
-3.72   -17.09  2
-3.79   -3.84   2
-6.12   -6.86   2
-3.17   -1.97   2
11.65   13.13   1
-5.14   21.25   1
11.01   -12.80  2
-5.25   -18.70  2
19.00   18.40   1
-21.41  -0.47   3
-11.79  -12.31  2
9.33    -19.70  2
0.80    -17.36  2
25.29   13.65   4
11.08   17.44   1
-19.18  -0.90   3
10.33   -25.30  2
-21.47  1.23    3
-12.61  8.24    3
9.01    -22.51  2
-1.20   -21.26  2
13.28   17.03   1
2.00    -3.66   2
25.41   2.35    4
-13.95  1.64    3
5.72    -26.03  2
25.68   4.37    4
-2.87   22.76   1
-4.25   -14.61  2
-17.43  -1.72   3
18.84   2.37    4
-16.93  12.73   3
17.41   16.20   1
6.22    -26.12  2
-0.01   -18.59  2
1.67    -12.00  2
27.27   -0.56   4
28.76   -0.36   4
-2.31   -19.24  2
-4.09   -2.76   2
-1.59   -5.49   2
-7.39   -6.96   2
-13.43  -5.30   3
-9.30   -15.06  2
-7.84   -20.16  2
-14.80  13.82   3
-2.11   -12.94  2
29.56   3.93    4
-1.72   -3.54   2
0.15    7.71    1
26.43   9.50    4
-11.47  16.04   3
6.79    20.92   1
1.04    -4.35   2
-20.86  12.02   3
10.42   -6.83   2
2.91    -5.78   2
-12.27  -11.28  2
-19.26  9.03    3
28.23   9.63    4
-9.45   3.47    3
12.53   17.75   1
5.18    -8.55   2
-8.95   5.01    3
-19.55  10.89   3
-3.64   24.95   1
-1.88   -7.00   2
-7.05   1.10    3
-17.97  7.82    3
28.76   6.93    4
-13.14  13.58   3
15.77   17.16   1
-3.11   -13.93  2
-9.53   0.88    3
-20.11  13.93   3
-4.44   22.74   1
7.75    -5.24   2
-15.94  -11.07  3
-20.21  6.10    3
20.43   5.51    4
-13.17  13.61   3
10.33   15.98   1
0.34    -13.09  2
-7.20   3.90    3
-21.80  8.93    3
0.68    24.47   1
-24.95  13.18   3
-15.07  16.85   3
-13.83  12.69   3
15.31   16.46   1
-15.87  14.99   3
-6.44   22.79   1
-17.73  14.97   3
-11.40  5.16    3
-21.22  14.26   3
-6.50   -1.72   3
22.70   3.64    4
-7.89   0.97    3
3.52    -14.78  2
2.81    -12.75  2
-14.38  6.48    3
-14.67  17.85   3
-5.20   2.49    3
-14.02  -13.63  2
2.41    -12.67  2
-11.54  3.84    3
-13.13  -6.00   3
-4.59   22.96   1
-0.29   -0.10   2
-11.25  -10.81  2
9.67    17.12   1
-20.08  4.54    3
-19.65  8.10    3
0.56    -14.03  2
-13.93  10.81   3
-17.07  12.49   3
16.78   6.69    4
17.43   16.01   1
14.01   15.70   1
13.24   15.12   1
19.89   -0.14   4
-18.31  10.68   3
-5.08   -3.49   2
-14.36  11.31   3
-10.30  24.08   1
-21.04  10.02   3
-14.88  14.46   3
-16.30  -3.59   3
-8.74   6.15    3
-12.13  -10.50  2
-6.99   19.82   1
-7.19   23.95   1
-2.52   -2.36   2
-2.56   -17.74  2
10.64   16.60   1
-7.91   14.16   3
-11.97  -11.25  2
3.78    -4.56   2
21.65   14.01   4
19.93   8.22    4
-21.63  8.55    3
-1.97   -5.46   2
-12.77  10.26   3
-13.75  14.18   3
-2.20   -5.85   2
5.36    -14.12  2
16.56   11.85   4
-6.43   4.91    3
13.68   6.69    4
-17.16  4.15    3
-3.93   -1.43   2
22.45   -1.48   4
-4.14   23.01   1
-12.30  3.68    3
-17.41  12.17   3
15.68   16.12   1
-22.69  14.44   3
15.91   16.55   1
-0.37   -0.90   2
3.26    -12.34  2
-13.79  16.49   3
27.24   3.14    4
20.53   4.85    4
-1.45   -14.99  2
-12.20  -5.97   3
-7.81   7.41    3
-11.21  -7.31   3
-13.64  -11.25  2
-12.59  18.63   3
1.29    -14.24  2
-17.65  16.20   3
-16.83  12.77   3
13.62   -3.89   4
24.45   -2.85   4
-10.83  7.10    3
-12.36  20.10   3
-9.11   0.97    3
-21.18  10.51   3
-11.76  4.73    3
1.01    21.12   1
6.54    -15.94  2
-11.53  -4.25   3
-23.14  5.44    3
17.00   -1.86   4
1.74    -12.01  2
12.79   16.64   1
-5.36   -18.29  2
1.53    -3.92   2
-12.88  -0.96   3
3.76    26.31   1
8.85    -17.00  2
-8.67   -7.68   2
-23.39  5.35    3
14.49   1.05    4
-4.62   -10.56  2
11.12   19.38   1
-0.04   -16.00  2
-11.21  -15.33  2
-10.90  7.63    3
2.14    22.90   1
8.69    -24.76  2
-15.19  -3.07   3
-24.58  3.21    3
21.26   1.02    4
-4.03   6.21    3
17.20   12.43   4
-1.26   -14.46  2
-8.31   0.71    3
-12.30  7.38    3
-2.84   23.97   1
-7.92   -0.14   3
3.38    -4.79   2
1.26    -7.67   2
18.89   6.02    4
9.15    -10.92  2
7.12    25.65   1
-13.06  6.92    3
-4.52   -0.58   3
-8.56   4.91    3
-3.84   -6.49   2
16.47   6.66    4
9.16    -19.76  2
-4.96   -15.27  2
-3.03   -14.76  2
-24.18  2.59    3
-6.65   -1.00   3
12.57   -22.27  2
4.71    18.38   1
0.30    20.04   1
-5.55   -15.18  2
-9.45   -17.40  2
-15.50  -7.96   3
-5.09   27.38   1
17.16   -11.66  4
-14.28  -5.14   3
16.59   7.09    4
-31.17  8.26    3
-28.40  3.18    3
-3.81   -19.75  2
-28.86  7.51    3
-28.83  4.41    3
18.10   0.15    4
15.34   12.44   1
17.28   8.04    4
19.79   11.14   4
5.11    -7.81   2
-9.67   10.37   3
6.92    -25.26  2
3.77    0.82    2
-3.31   22.17   1
-11.30  -4.46   3
2.40    -12.64  2
-13.00  -3.62   3
-10.21  -2.42   3
-19.14  -0.76   3
1.40    28.03   1
-0.68   30.09   1
13.17   -19.23  2
-4.51   -15.94  2
23.70   7.62    4
-24.80  4.77    3
-16.82  -7.66   3
5.20    -23.77  2
2.30    -15.31  2
17.34   -1.49   4
17.75   12.01   4
-27.88  4.25    3
1.25    -22.28  2
-3.20   -13.08  2
-7.75   4.83    3
7.97    -23.31  2
1.46    -15.79  2
13.63   12.12   1
-6.42   -3.77   2
20.19   -6.29   4
-27.08  6.02    3
14.42   -15.64  2
23.32   2.90    4
-0.76   21.87   1
1.39    -2.26   2
-27.48  4.68    3
19.40   7.99    4
-19.52  9.34    3
15.09   15.89   1
11.64   -21.65  2
-7.74   -19.55  2
3.38    11.43   1
26.04   9.18    4
14.35   3.20    4
-2.18   -14.92  2
-15.26  -6.46   3
-5.16   -9.98   2
-6.05   -9.69   2
-9.12   -3.96   3
1.99    -9.50   2
-7.42   -18.12  2
-17.13  0.71    3
9.32    2.57    4
23.77   3.23    4
-5.99   -5.45   2
-8.51   -5.28   3
17.58   -7.21   4
-2.29   2.42    3
-0.36   26.17   1
-0.40   -11.84  2
-17.40  -1.22   3
-4.34   -7.00   2
0.40    22.69   1
5.72    -14.60  2
-12.20  -6.62   3
-26.15  6.18    3
26.76   1.87    4
-0.82   14.20   1
5.38    19.60   1
-7.03   -18.98  2
-12.04  2.34    3
-14.58  16.42   3
2.31    18.23   1
6.18    -10.94  2
-16.44  -12.44  2
-25.34  1.86    3
27.29   9.04    4
-5.58   11.01   3
17.91   13.46   4
-1.41   -17.03  2
0.03    -8.90   2
-17.07  10.18   3
2.35    17.62   1
8.38    -15.60  2
-18.05  -13.39  3
-25.85  10.81   3
21.02   1.03    4
-3.93   -10.72  2
17.81   12.42   4
-0.57   -15.91  2
-3.24   -16.09  2
-6.54   12.62   3
-0.97   12.17   1
-18.01  13.72   3
-6.58   4.87    3
-9.23   -10.31  2
17.50   12.58   4
-6.02   -17.39  2
2.97    22.71   1
-16.43  12.22   3
-4.38   -7.94   2
-17.98  11.48   3
-3.16   -10.30  2
27.99   10.21   4
5.35    -22.43  2
-5.91   -16.71  2
-6.03   -20.01  2
-11.49  -26.05  2
8.15    8.70    1
4.91    -16.66  2
-0.77   22.86   1
-0.33   19.39   1
-18.83  -11.24  3
-15.36  -11.00  3
-1.76   -20.59  2
-2.29   -13.51  2
-12.98  -7.26   3
0.52    16.57   1
6.96    -26.44  2
-18.88  -9.17   3
13.79   14.10   1
-26.49  12.19   3
-23.85  -5.61   3
-4.32   -19.02  2
-23.41  -2.77   3
-28.39  6.51    3
26.16   12.67   4
15.60   11.47   4
19.02   12.04   4
19.40   10.94   4
27.36   3.80    4
-17.22  11.30   3
10.00   -17.35  2
8.04    -7.08   2
2.74    13.72   1
-14.43  8.56    3
-6.23   7.74    3
-19.87  -11.64  3
-8.88   -16.23  2
-17.09  -9.14   3
-3.81   11.78   1
-3.45   17.16   1
5.50    -26.84  2
-7.95   -17.07  2
13.51   12.77   1
-23.65  -10.92  3
-19.76  -7.33   3
0.12    -20.34  2
-2.66   -17.00  2
28.98   1.21    4
15.26   11.10   4
-22.98  -1.35   3
10.77   -22.54  2
-22.00  -0.21   3
-19.44  11.25   3
12.42   -19.36  2
-2.24   -18.72  2
17.18   9.56    4
-10.51  -14.78  2
27.80   6.52    4
-23.19  0.95    3
14.62   -7.85   4
29.52   6.81    4
2.57    19.23   1
-3.36   -9.67   2
-23.28  -12.89  3
15.40   13.87   1
-22.32  10.99   3
16.52   11.60   4
13.48   -3.44   4
-8.87   -17.09  2
-0.54   -8.27   2
23.89   6.14    4
29.98   8.01    4
-0.76   -18.78  2
-9.15   -0.40   3
-1.35   -5.60   2
-15.79  -6.11   3
-21.91  -10.79  3
4.83    -1.62   2
-7.52   -21.25  2
-18.63  7.69    3
-3.59   -9.02   2
28.12   9.99    4
1.00    -17.33  2
-4.19   -12.91  2
16.37   1.76    4
-23.35  13.53   3
-2.60   7.39    3
-5.25   -17.64  2
-12.11  8.86    3
-4.56   -13.07  2
3.13    24.09   1
-1.69   1.99    3
-10.98  -5.38   3
-30.26  0.15    3
23.46   11.09   4
-9.57   16.11   3
9.36    0.90    4
-4.62   -18.50  2
2.73    -10.01  2
-20.59  13.90   3
8.28    24.39   1
6.71    -17.12  2
-8.55   0.14    3
-25.85  5.91    3
20.53   17.86   1
-12.56  6.13    3
10.84   2.77    4
-8.85   -17.23  2
1.67    -13.35  2
-21.33  11.62   3
5.24    27.91   1
-2.59   7.19    3
-10.11  -5.57   3
-21.23  6.16    3
18.37   7.27    4
2.01    4.56    1
10.99   8.74    1
-12.69  -18.40  2
2.82    -13.78  2
-20.16  13.43   3
-2.77   28.99   1
-19.35  13.02   3
-4.96   5.04    3
1.33    4.05    1
11.99   8.99    4
-6.08   -4.37   2
9.34    13.65   1
-14.12  11.25   3
-1.52   -14.96  2
-11.74  11.06   3
2.82    -14.03  2
24.55   12.46   4
10.28   -23.55  2
-9.12   -13.02  2
-12.69  -16.02  2
-26.63  4.97    3
-4.09   6.49    3
5.68    -26.88  2
6.45    26.14   1
6.50    25.29   1
-17.76  -0.41   3
-15.16  8.48    3
-10.05  -19.16  2
-0.75   -13.32  2
-12.35  0.92    3
-0.65   24.62   1
1.98    1.71    2
-15.17  1.68    3
16.85   11.89   4
-18.12  -2.92   3
-24.28  6.21    3
-6.33   -19.13  2
-25.50  9.14    3
-28.37  12.04   3
23.41   10.74   4
13.10   11.17   1
13.69   11.25   1
14.91   11.22   4
29.48   6.67    4
-14.78  10.94   3
4.11    -24.45  2
-0.41   13.56   1
5.01    20.33   1
-19.40  13.32   3
8.89    7.57    1
-17.65  -7.71   3
3.03    -6.70   2
-12.68  10.82   3
-1.42   22.16   1
-0.91   22.74   1
4.37    -7.78   2
-8.38   -20.51  2
13.84   4.31    4
-25.11  2.19    3
-10.27  -5.22   3
1.41    -19.97  2
-1.48   -18.48  2
24.75   10.31   4
16.70   4.73    4
-21.81  -8.95   3
2.58    -25.34  2
-23.67  3.35    3
-19.65  13.87   3
7.69    -23.18  2
0.03    -15.41  2
11.78   1.81    4
-6.69   -16.44  2
21.00   13.26   4
-22.60  9.35    3
10.78   -21.91  2
28.84   2.01    4
5.20    26.77   1
10.49   -3.53   4
-26.40  1.39    3
11.43   7.66    4
-18.10  10.85   3
10.42   14.49   1
11.17   -17.89  2
-2.78   -17.48  2
-1.91   -7.30   2
25.20   11.24   4
26.46   11.21   4
0.68    -15.00  2
-13.68  5.59    3
-7.86   -12.76  2
-14.10  -2.61   3
-14.63  -2.81   3
-1.02   13.60   1
-6.66   -18.24  2
-18.88  7.51    3
-11.39  -2.44   3
25.37   9.05    4
4.92    -18.10  2
3.67    -10.91  2
28.63   9.73    4
-10.09  10.81   3
9.25    16.64   1
-3.45   -11.68  2
-7.30   19.96   1
-4.90   -1.39   3
-9.77   -4.82   3
-17.70  5.22    3
18.09   -2.96   4
-12.53  7.07    3
11.70   18.57   1
5.86    -10.89  2
-12.49  4.09    3
-21.45  10.39   3
-3.65   19.20   1
-5.53   4.69    3
-6.51   -4.70   2
-21.39  7.40    3
25.79   -0.54   4
-13.06  12.90   3
9.79    19.85   1
1.69    -10.39  2
-8.00   -0.23   3
-22.96  10.75   3
-1.40   18.15   1
-3.12   -0.83   2
-13.31  -7.33   3
-18.58  1.02    3
25.03   -3.71   4
-8.58   15.24   3
11.26   19.75   1
2.47    -12.90  2
-8.45   0.66    3
-22.17  10.81   3
-0.57   20.74   1
-24.54  13.51   3
-13.94  13.53   3
-13.90  11.85   3
13.18   15.77   1
-8.07   12.23   3
-1.80   21.57   1
-20.60  11.82   3
-4.08   4.62    3
-22.38  13.24   3
-7.09   2.58    3
26.69   0.67    4
-5.13   10.35   3
-3.03   -14.84  2
5.51    -9.54   2
-21.46  3.32    3
-16.68  14.04   3
-6.80   10.71   3
-1.69   22.72   1
-3.80   20.32   1
-15.39  -12.41  2
-12.89  -8.24   3
6.31    -11.25  2
4.22    5.10    1
-13.47  -9.54   3
-5.30   28.62   1
-7.62   10.50   3
-11.38  -11.10  2
10.54   24.78   1
-18.39  3.11    3
-20.05  6.60    3
-0.87   -16.79  2
-23.22  5.12    3
-27.88  5.62    3
23.64   -2.23   4
16.24   16.12   1
10.62   20.21   1
17.13   15.54   1
25.74   -2.53   4
-21.73  13.25   3
-7.34   10.46   3
-6.40   11.72   3
-5.74   24.32   1
-24.93  11.08   3
-3.84   11.02   1
-11.62  -10.73  2
-7.09   0.17    3
-14.39  -9.69   3
-6.61   26.98   1
-0.99   20.70   1
-7.72   14.10   3
-4.61   -11.19  2
14.46   20.70   1
-20.51  3.26    3
-6.52   -1.13   3
-8.57   -0.26   3
-1.50   -13.59  2
26.75   0.98    4
14.13   17.98   1
-22.02  1.00    3
-2.98   0.18    3
-21.33  6.35    3
-19.08  13.22   3
-7.35   6.21    3
-2.35   -11.73  2
14.67   18.66   1
-5.71   -0.94   3
25.10   -4.11   4
-19.42  7.94    3
-5.26   14.22   1
24.41   -4.99   4
-2.48   22.92   1
-14.62  10.85   3
-21.72  0.53    3
17.03   17.17   1
-24.31  10.63   3
18.41   13.48   4
-7.61   4.41    3
1.72    -8.33   2
-14.86  12.21   3
26.75   0.03    4
18.59   -7.40   4
-0.41   -13.05  2
-16.89  -11.11  3
-0.80   2.14    3
-18.47  -8.40   3
-11.10  -10.62  2
-5.30   11.87   3
2.42    -10.43  2
-22.86  13.27   3
-8.68   4.61    3
27.01   -2.30   4
1.34    -1.46   2
-3.42   -8.75   2
27.52   -5.50   4
-16.72  4.56    3
-3.36   19.45   1
2.93    -7.63   2
-20.10  9.39    3
-0.24   -3.71   2
6.66    23.74   1
9.92    -23.71  2
-4.94   -6.35   2
-16.63  -6.70   3
22.25   -1.44   4
3.34    -8.73   2
6.59    -4.52   2
-7.21   -18.74  2
9.87    -5.57   2
0.52    3.32    3
6.62    23.50   1
9.36    -18.77  2
-3.94   2.86    3
-17.57  -5.40   3
24.08   -0.52   4
12.43   -7.51   4
15.30   4.41    4
-8.69   -5.34   3
7.61    19.01   1
17.28   -14.21  4
-4.52   -6.71   2
-23.25  -6.53   3
20.52   -2.14   4
-0.02   -11.06  2
19.13   -4.64   4
-8.08   -21.42  2
2.48    -5.39   2
-5.76   -1.13   3
20.09   4.60    4
-4.11   0.80    3
-3.14   -19.95  2
0.69    -7.61   2
17.24   7.28    4
7.72    -10.17  2
4.03    25.08   1
0.90    -11.69  2
15.11   -6.61   4
-7.25   -18.94  2
3.85    0.41    2
27.29   1.18    4
6.14    -25.56  2
0.18    -17.89  2
-3.23   -14.72  2
-16.51  -25.26  2
1.54    0.46    2
9.22    -23.03  2
15.82   13.03   1
0.44    13.80   1
-7.06   11.36   3
-16.67  -11.01  3
6.39    -8.02   2
2.66    -9.69   2
-4.74   3.02    3
10.61   19.71   1
16.21   -20.22  2
-10.23  -5.03   3
15.88   2.38    4
-12.00  -21.52  2
-13.51  -27.49  2
-7.09   -16.89  2
-7.52   -20.73  2
-13.93  -19.16  2
16.13   -6.30   4
21.32   6.96    4
21.93   1.50    4
17.30   6.92    4
-7.07   -17.96  2
-0.94   -2.17   2
14.35   -22.45  2
1.73    -12.90  2
17.36   15.23   1
-18.15  12.08   3
7.93    -5.84   2
-8.89   -1.01   3
2.61    -7.80   2
2.38    28.80   1
10.42   -22.70  2
0.01    -17.88  2
15.61   6.38    4
-22.66  -9.37   3
-9.16   -9.15   2
4.72    -22.46  2
1.54    -14.14  2
-1.21   -17.01  2
14.40   1.86    4
-16.81  -2.50   3
7.40    -26.31  2
-13.61  -5.15   3
0.40    -13.46  2
8.78    -25.80  2
-9.18   -15.88  2
19.19   6.84    4
7.79    -0.91   4
28.29   4.32    4
-20.62  -5.40   3
6.25    -26.51  2
26.28   -3.04   4
11.19   20.79   1
4.57    -11.49  2
-19.68  -0.11   3
17.87   -1.83   4
-18.95  12.72   3
21.16   -1.82   4
5.07    -24.19  2
8.59    -18.30  2
-0.54   -16.53  2
23.75   0.14    4
16.48   -9.76   4
4.51    -19.19  2
-2.71   -6.87   2
-14.61  -2.62   3
9.91    -6.09   2
-2.21   -13.30  2
-12.42  0.79    3
8.81    -11.41  2
-7.77   -13.98  2
26.68   0.75    4
-1.78   -15.46  2
2.60    20.95   1
8.81    -9.23   2
0.51    -15.78  2
9.61    -11.49  2
-2.48   21.23   1
10.91   -9.20   2
-12.85  -8.22   3
-6.46   2.18    3
14.14   -2.88   4
-5.71   8.73    3
20.42   11.35   4
-3.04   -21.77  2
-10.38  -3.25   3
-22.16  12.47   3
0.02    23.56   1
16.23   -17.06  2
-0.99   -10.68  2
-8.23   -13.92  2
29.10   4.46    4
1.28    3.20    2
15.97   15.21   1
8.70    -13.27  2
-0.78   -9.77   2
-19.50  12.57   3
2.38    20.72   1
11.68   -10.29  2
-7.95   -10.93  2
-4.73   -4.67   2
27.79   5.31    4
8.08    8.66    1
21.57   12.57   4
-0.02   -23.10  2
-5.24   -0.78   3
-16.80  12.32   3
-0.03   23.81   1
-16.53  11.99   3
2.92    1.70    2
1.12    1.28    2
16.06   16.05   1
-2.62   -2.63   2
10.33   20.23   1
-21.67  7.92    3
0.44    5.28    1
-23.12  12.82   3
-0.62   -9.24   2
27.10   2.17    4
9.02    -12.33  2
4.67    -14.44  2
3.76    -15.90  2
-3.79   -21.45  2
2.16    4.79    1
10.69   -20.31  2
1.03    18.43   1
3.49    23.12   1
-5.89   3.23    3
-11.20  -9.87   2
4.50    -18.10  2
-6.77   -11.75  2
-7.07   -2.69   3
9.58    10.59   1
10.31   -16.03  2
-4.26   -2.71   2
19.62   13.14   4
-8.88   -11.84  2
-4.95   -15.45  2
4.25    -17.29  2
-0.03   7.84    1
-7.99   -15.35  2
29.00   -0.24   4
20.81   7.68    4
17.61   11.90   4
13.14   21.84   1
25.16   0.20    4
-18.07  15.33   3
10.23   -18.49  2
-3.69   5.37    3
1.81    16.89   1
-20.01  10.25   3
6.72    12.07   1
-10.19  -13.09  2
-0.17   -1.50   2
-14.56  -9.79   3
4.10    18.32   1
-1.46   18.03   1
12.80   -11.29  2
11.01   -15.77  2
22.85   10.05   4
-15.48  -16.06  2
-9.52   -8.61   2
1.90    -18.38  2
12.67   -18.98  2
23.61   6.09    4
24.11   6.09    4
-19.84  -7.85   3
4.53    -22.65  2
-10.96  -1.07   3
-19.15  12.69   3
17.16   -14.91  4
-0.63   -20.80  2
17.55   14.48   1
0.19    -12.03  2
28.44   12.25   4
-1.46   -3.69   2
12.56   -13.14  2
23.60   3.41    4
10.04   17.00   1
-8.39   12.77   3
-18.68  -3.66   3
24.44   0.58    4
-19.23  5.13    3
15.89   17.01   1
10.50   -14.14  2
-3.12   -23.71  2
-0.92   10.03   1
20.23   2.37    4
26.80   2.23    4
3.35    -19.37  2
-10.18  -10.06  2
0.30    -0.50   2
-6.85   -11.77  2
-7.87   -7.60   2
1.58    11.49   1
3.89    -18.75  2
-16.65  7.94    3
-3.97   14.03   1
28.18   7.78    4
3.55    -17.97  2
0.13    -18.65  2
31.70   2.78    4
-14.61  13.34   3
6.46    20.57   1
10.80   -6.96   2
-4.87   12.42   1
-0.34   6.37    1
